0.0 90.00000000000003
0.927643784786642 88.20018365472913
1.855287569573284 86.43709825528009
2.7829313543599254 84.7107438016529
3.710575139146568 83.02112029384757
4.63821892393321 81.36822773186412
5.565862708719851 79.75206611570248
6.4935064935064934 78.17263544536273
7.421150278293136 76.62993572084481
8.348794063079778 75.12396694214875
9.27643784786642 73.65472910927458
10.204081632653063 72.22222222222223
11.131725417439702 70.82644628099175
12.059369202226346 69.46740128558312
12.987012987012987 68.14508723599634
13.914656771799628 66.8595041322314
14.842300556586272 65.61065197428836
15.769944341372913 64.39853076216714
16.697588126159555 63.22314049586778
17.625231910946198 62.08448117539027
18.55287569573284 60.982552800734624
19.480519480519483 59.91735537190084
20.408163265306126 58.88888888888889
21.335807050092765 57.89715335169881
22.263450834879404 56.94214876033059
23.191094619666046 56.02387511478421
24.118738404452692 55.1423324150597
25.04638218923933 54.29752066115704
25.974025974025974 53.48943985307623
26.901669758812616 52.718089990817276
27.829313543599255 51.98347107438016
28.7569573283859 51.285583103764935
29.684601113172544 50.62442607897154
30.612244897959183 50.00000000000001
31.539888682745826 49.41230486685032
32.46753246753247 48.86134067952251
33.39517625231911 48.347107438016536
34.32282003710575 47.86960514233242
35.250463821892396 47.42883379247016
36.178107606679035 47.024793388429764
37.10575139146568 46.657483930211214
38.03339517625232 46.326905417814515
38.961038961038966 46.033057851239676
39.888682745825605 45.77594123048669
40.81632653061225 45.55555555555557
41.74397031539889 45.37190082644629
42.67161410018553 45.22497704315887
43.59925788497217 45.1147842056933
44.52690166975881 45.04132231404959
45.45454545454545 45.00459136822774
46.38218923933209 45.00459136822774
47.30983302411873 45.04132231404959
48.237476808905384 45.1147842056933
49.16512059369202 45.22497704315887
50.09276437847866 45.37190082644629
51.02040816326531 45.55555555555557
51.94805194805195 45.77594123048669
52.87569573283859 46.033057851239676
53.80333951762523 46.326905417814515
54.73098330241187 46.657483930211214
55.65862708719851 47.024793388429764
56.586270871985164 47.42883379247017
57.5139146567718 47.86960514233242
58.44155844155845 48.347107438016536
59.36920222634509 48.86134067952251
60.29684601113171 49.41230486685032
61.224489795918366 50.00000000000001
62.152133580705005 50.62442607897154
63.07977736549165 51.285583103764935
64.00742115027829 51.98347107438016
64.93506493506494 52.718089990817276
65.86270871985157 53.48943985307623
66.79035250463822 54.297520661157016
67.71799628942486 55.142332415059684
68.6456400742115 56.02387511478421
69.57328385899814 56.94214876033057
70.50092764378479 57.89715335169882
71.42857142857143 58.88888888888889
72.35621521335807 59.91735537190084
73.28385899814471 60.982552800734624
74.21150278293136 62.08448117539027
75.139146567718 63.22314049586778
76.06679035250464 64.39853076216714
76.99443413729128 65.61065197428834
77.92207792207793 66.85950413223144
78.84972170686456 68.14508723599634
79.77736549165121 69.46740128558314
80.70500927643785 70.82644628099175
81.6326530612245 72.22222222222223
82.56029684601113 73.65472910927458
83.48794063079778 75.12396694214878
84.4155844155844 76.62993572084481
85.34322820037106 78.17263544536273
86.2708719851577 79.7520661157025
87.19851576994434 81.3682277318641
88.12615955473098 83.02112029384757
89.05380333951761 84.71074380165288
89.98144712430427 86.4370982552801
90.9090909090909 88.2001836547291
91.83673469387755 90.00000000000003
