0.0 10.0
0.927643784786642 10.918273645546373
1.855287569573284 11.817807012612207
2.7829313543599254 12.698600101197504
3.710575139146568 13.560652911302263
4.63821892393321 14.40396544292648
5.565862708719851 15.228537696070164
6.4935064935064934 16.03436967073331
7.421150278293136 16.821461366915912
8.348794063079778 17.589812784617983
9.27643784786642 18.339423923839508
10.204081632653063 19.0702947845805
11.131725417439702 19.78242536684095
12.059369202226346 20.475815670620868
12.987012987012987 21.150465695920243
13.914656771799628 21.80637544273908
14.842300556586272 22.44354491107738
15.769944341372913 23.06197410093514
16.697588126159555 23.661663012312363
17.625231910946198 24.24261164520905
18.55287569573284 24.804819999625195
19.480519480519483 25.348288075560806
20.408163265306126 25.873015873015873
21.335807050092765 26.379003391990405
22.263450834879404 26.8662506324844
23.191094619666046 27.33475759449785
24.118738404452692 27.784524278030773
25.04638218923933 28.21555068308315
25.974025974025974 28.627836809654994
26.901669758812616 29.021382657746294
27.829313543599255 29.396188227357058
28.7569573283859 29.752253518487286
29.684601113172544 30.08957853113698
30.612244897959183 30.408163265306126
31.539888682745826 30.708007720994733
32.46753246753247 30.989111898202808
33.39517625231911 31.251475796930343
34.32282003710575 31.495099417177336
35.250463821892396 31.7199827589438
36.178107606679035 31.926125822229718
37.10575139146568 32.11352860703511
38.03339517625232 32.28219111335994
38.961038961038966 32.43211334120426
39.888682745825605 32.56329529056802
40.81632653061225 32.67573696145125
41.74397031539889 32.76943835385394
42.67161410018553 32.844399467776086
43.59925788497217 32.90062030321771
44.52690166975881 32.93810086017878
45.45454545454545 32.95684113865932
46.38218923933209 32.956841138659314
47.30983302411873 32.93810086017878
48.237476808905384 32.90062030321771
49.16512059369202 32.8443994677761
50.09276437847866 32.76943835385394
51.02040816326531 32.67573696145125
51.94805194805195 32.56329529056802
52.87569573283859 32.43211334120426
53.80333951762523 32.28219111335994
54.73098330241187 32.1135286070351
55.65862708719851 31.926125822229714
56.586270871985164 31.7199827589438
57.5139146567718 31.495099417177343
58.44155844155845 31.251475796930336
59.36920222634509 30.989111898202815
60.29684601113171 30.708007720994743
61.224489795918366 30.40816326530613
62.152133580705005 30.089578531136972
63.07977736549165 29.75225351848728
64.00742115027829 29.396188227357058
64.93506493506494 29.021382657746294
65.86270871985157 28.627836809654994
66.79035250463822 28.21555068308316
67.71799628942486 27.78452427803078
68.6456400742115 27.33475759449785
69.57328385899814 26.8662506324844
70.50092764378479 26.379003391990402
71.42857142857143 25.873015873015873
72.35621521335807 25.348288075560802
73.28385899814471 24.804819999625195
74.21150278293136 24.242611645209053
75.139146567718 23.661663012312367
76.06679035250464 23.06197410093513
76.99443413729128 22.44354491107738
77.92207792207793 21.806375442739082
78.84972170686456 21.150465695920246
79.77736549165121 20.475815670620875
80.70500927643785 19.782425366840954
81.6326530612245 19.070294784580497
82.56029684601113 18.33942392383949
83.48794063079778 17.589812784617976
84.4155844155844 16.821461366915912
85.34322820037106 16.034369670733298
86.2708719851577 15.228537696070163
87.19851576994434 14.403965442926491
88.12615955473098 13.56065291130227
89.05380333951761 12.6986001011975
89.98144712430427 11.817807012612192
90.9090909090909 10.918273645546378
91.83673469387755 9.999999999999986
