0.0 30.000000000000004
0.927643784786642 29.69851572970089
1.855287569573284 29.40018677751556
2.7829313543599254 29.105110170149313
3.710575139146568 28.813385829132883
4.63821892393321 28.52511660482111
5.565862708719851 28.24040830365285
6.4935064935064934 27.95936970773174
7.421150278293136 27.682112585719466
8.348794063079778 27.408751693966064
9.27643784786642 27.13940476673624
10.204081632653063 26.8741924943285
11.131725417439702 26.61323848782627
12.059369202226346 26.356669229169135
12.987012987012987 26.10461400519003
13.914656771799628 25.85720482423253
14.842300556586272 25.61457631394444
15.769944341372913 25.376865598841622
16.697588126159555 25.14421215625333
17.625231910946198 24.91675764929905
18.55287569573284 24.694645735611317
19.480519480519483 24.478021850611384
20.408163265306126 24.267032964268395
21.335807050092765 24.061827310430687
22.263450834879404 23.86255408801216
23.191094619666046 23.66936313354971
24.118738404452692 23.482404564920454
25.04638218923933 23.30182839632054
25.974025974025974 23.127784124960225
26.901669758812616 22.960420290320748
27.829313543599255 22.799884007244458
28.7569573283859 22.646320474585917
29.684601113172544 22.499872461632208
30.612244897959183 22.360679774997898
31.539888682745826 22.228878709204007
32.46753246753247 22.10460148465077
33.39517625231911 21.987975677177864
34.32282003710575 21.87912364386024
35.250463821892396 21.77816195009812
36.178107606679035 21.685200803411934
37.10575139146568 21.60034349963241
38.03339517625232 21.52368588736941
38.961038961038966 21.455315856738086
39.888682745825605 21.3953128583077
40.81632653061225 21.343747458109497
41.74397031539889 21.300680934290877
42.67161410018553 21.26616492063364
43.59925788497217 21.240241101666737
44.52690166975881 21.222940963506822
45.45454545454545 21.2142856038632
46.38218923933209 21.2142856038632
47.30983302411873 21.222940963506822
48.237476808905384 21.240241101666737
49.16512059369202 21.26616492063364
50.09276437847866 21.300680934290877
51.02040816326531 21.343747458109497
51.94805194805195 21.3953128583077
52.87569573283859 21.455315856738086
53.80333951762523 21.52368588736941
54.73098330241187 21.60034349963241
55.65862708719851 21.685200803411934
56.586270871985164 21.778161950098124
57.5139146567718 21.87912364386024
58.44155844155845 21.987975677177864
59.36920222634509 22.10460148465077
60.29684601113171 22.228878709204007
61.224489795918366 22.360679774997898
62.152133580705005 22.499872461632208
63.07977736549165 22.646320474585917
64.00742115027829 22.799884007244458
64.93506493506494 22.960420290320748
65.86270871985157 23.127784124960225
66.79035250463822 23.301828396320538
67.71799628942486 23.48240456492045
68.6456400742115 23.66936313354971
69.57328385899814 23.862554088012157
70.50092764378479 24.06182731043069
71.42857142857143 24.267032964268395
72.35621521335807 24.478021850611384
73.28385899814471 24.694645735611317
74.21150278293136 24.91675764929905
75.139146567718 25.14421215625333
76.06679035250464 25.376865598841622
76.99443413729128 25.614576313944436
77.92207792207793 25.857204824232536
78.84972170686456 26.10461400519003
79.77736549165121 26.35666922916914
80.70500927643785 26.61323848782627
81.6326530612245 26.8741924943285
82.56029684601113 27.13940476673624
83.48794063079778 27.408751693966067
84.4155844155844 27.682112585719466
85.34322820037106 27.95936970773174
86.2708719851577 28.240408303652853
87.19851576994434 28.525116604821108
88.12615955473098 28.813385829132883
89.05380333951761 29.10511017014931
89.98144712430427 29.400186777515565
90.9090909090909 29.698515729700887
91.83673469387755 30.000000000000004
